Clean_0001_001_20050913115022_Range.png
251 376 39 37
   0.031   0.035   0.034   0.132   0.016   0.018   0.053   0.012   0.028   0.065   0.067   0.164   0.144   0.032   0.069   0.061   0.039
   0.033   0.063   0.043   0.025   0.086   0.021   0.041   0.013   0.046   0.095   0.098   0.063   0.110   0.100   0.055   0.052   0.055
   0.027   0.074   0.041   0.059   0.013   0.042   0.015   0.057   0.048   0.099   0.106   0.096   0.070   0.052   0.052   0.065   0.083
   0.015   0.011   0.033   0.064   0.078   0.028   0.025   0.049   0.060   0.025   0.044   0.097   0.134   0.105   0.052   0.072   0.108
   0.026   0.092   0.014   0.018   0.033   0.054   0.020   0.047   0.067   0.113   0.104   0.031   0.050   0.085   0.071   0.065   0.111
   0.027   0.057   0.040   0.031   0.014   0.032   0.069   0.029   0.078   0.082   0.094   0.058   0.043   0.045   0.100   0.096   0.105
   0.037   0.051   0.022   0.026   0.054   0.061   0.017   0.032   0.075   0.085   0.070   0.044   0.079   0.114   0.077   0.048   0.106
   0.030   0.047   0.058   0.048   0.029   0.046   0.033   0.037   0.034   0.074   0.101   0.094   0.076   0.074   0.079   0.069   0.070
   0.040   0.044   0.016   0.043   0.010   0.031   0.045   0.078   0.070   0.079   0.059   0.058   0.051   0.040   0.074   0.119   0.143
Clean_0002_002_20050913094354_Range.png
254 379 37 34
   0.014   0.005   0.061   0.130   0.031   0.037   0.032   0.014   0.037   0.018   0.065   0.182   0.159   0.059   0.065   0.044   0.049
   0.029   0.095   0.104   0.038   0.023   0.010   0.028   0.012   0.035   0.118   0.162   0.138   0.059   0.029   0.036   0.038   0.044
   0.101   0.017   0.073   0.058   0.015   0.017   0.043   0.026   0.036   0.115   0.087   0.129   0.070   0.029   0.058   0.068   0.058
   0.021   0.022   0.072   0.010   0.009   0.011   0.126   0.030   0.062   0.041   0.093   0.081   0.018   0.020   0.136   0.156   0.092
   0.017   0.023   0.018   0.046   0.021   0.005   0.135   0.052   0.036   0.038   0.041   0.064   0.066   0.027   0.139   0.184   0.088
   0.047   0.021   0.044   0.029   0.022   0.006   0.052   0.011   0.179   0.067   0.063   0.071   0.049   0.028   0.058   0.063   0.190
   0.017   0.011   0.007   0.042   0.040   0.009   0.046   0.118   0.077   0.027   0.018   0.048   0.078   0.049   0.054   0.164   0.195
   0.026   0.016   0.050   0.034   0.046   0.010   0.068   0.025   0.106   0.041   0.065   0.083   0.079   0.054   0.078   0.092   0.128
   0.032   0.007   0.018   0.016   0.020   0.057   0.014   0.106   0.121   0.038   0.024   0.033   0.035   0.073   0.069   0.117   0.221
Clean_0003_003_20050913094955_Range.png
247 372 39 41
   0.033   0.069   0.021   0.118   0.020   0.015   0.026   0.018   0.044   0.102   0.090   0.138   0.134   0.034   0.040   0.042   0.058
   0.048   0.064   0.024   0.106   0.022   0.015   0.034   0.016   0.041   0.110   0.085   0.127   0.125   0.035   0.049   0.045   0.056
   0.036   0.085   0.010   0.011   0.107   0.017   0.015   0.041   0.049   0.117   0.094   0.021   0.118   0.123   0.029   0.054   0.072
   0.061   0.067   0.014   0.097   0.031   0.015   0.010   0.037   0.057   0.123   0.080   0.100   0.124   0.044   0.023   0.045   0.074
   0.054   0.065   0.026   0.041   0.076   0.039   0.005   0.013   0.061   0.113   0.090   0.056   0.116   0.113   0.044   0.017   0.072
   0.061   0.029   0.029   0.032   0.030   0.009   0.091   0.037   0.069   0.084   0.057   0.056   0.048   0.038   0.098   0.126   0.106
   0.053   0.020   0.035   0.025   0.026   0.026   0.092   0.042   0.060   0.069   0.054   0.055   0.042   0.052   0.115   0.132   0.102
   0.048   0.065   0.032   0.020   0.012   0.093   0.032   0.037   0.028   0.108   0.091   0.042   0.031   0.104   0.124   0.069   0.065
   0.037   0.025   0.044   0.032   0.013   0.014   0.074   0.058   0.082   0.061   0.068   0.073   0.039   0.027   0.087   0.132   0.137
Clean_0004_003_20050913121710_Range.png
245 370 42 39
   0.026   0.079   0.127   0.014   0.019   0.043   0.012   0.019   0.017   0.104   0.191   0.140   0.031   0.058   0.054   0.030   0.035
   0.025   0.032   0.062   0.017   0.117   0.014   0.045   0.012   0.036   0.056   0.093   0.076   0.132   0.129   0.055   0.056   0.043
   0.033   0.085   0.018   0.106   0.020   0.016   0.033   0.015   0.034   0.116   0.101   0.123   0.125   0.033   0.049   0.045   0.047
   0.040   0.077   0.020   0.008   0.019   0.019   0.064   0.084   0.035   0.113   0.093   0.027   0.023   0.036   0.082   0.143   0.118
   0.024   0.099   0.016   0.005   0.012   0.087   0.046   0.021   0.055   0.121   0.113   0.021   0.015   0.098   0.132   0.064   0.073
   0.044   0.039   0.023   0.012   0.024   0.049   0.090   0.034   0.059   0.079   0.061   0.034   0.035   0.062   0.138   0.123   0.093
   0.044   0.021   0.049   0.023   0.008   0.030   0.025   0.086   0.105   0.061   0.068   0.066   0.030   0.035   0.054   0.109   0.187
   0.041   0.069   0.018   0.017   0.032   0.031   0.084   0.028   0.052   0.105   0.086   0.034   0.037   0.062   0.114   0.111   0.079
   0.028   0.080   0.024   0.004   0.019   0.018   0.085   0.061   0.042   0.107   0.100   0.027   0.022   0.036   0.101   0.145   0.102
Clean_0005_004_20050913101316_Range.png
246 371 44 40
   0.032   0.078   0.017   0.107   0.020   0.023   0.032   0.003   0.053   0.109   0.095   0.124   0.126   0.041   0.051   0.035   0.055
   0.026   0.039   0.067   0.083   0.039   0.009   0.014   0.043   0.060   0.063   0.104   0.132   0.120   0.048   0.022   0.053   0.079
   0.049   0.081   0.008   0.098   0.026   0.012   0.038   0.009   0.052   0.125   0.089   0.105   0.122   0.036   0.044   0.046   0.060
   0.050   0.043   0.034   0.026   0.021   0.022   0.062   0.059   0.064   0.088   0.076   0.057   0.037   0.042   0.082   0.116   0.121
   0.059   0.027   0.033   0.028   0.008   0.022   0.082   0.070   0.047   0.082   0.058   0.056   0.034   0.028   0.104   0.148   0.115
   0.052   0.018   0.017   0.041   0.029   0.063   0.058   0.028   0.083   0.069   0.034   0.055   0.060   0.079   0.120   0.085   0.109
   0.040   0.019   0.022   0.036   0.032   0.071   0.052   0.031   0.073   0.059   0.040   0.057   0.064   0.096   0.123   0.082   0.102
   0.050   0.021   0.050   0.033   0.059   0.051   0.037   0.035   0.030   0.070   0.070   0.082   0.080   0.109   0.087   0.071   0.065
   0.050   0.021   0.061   0.021   0.008   0.068   0.042   0.040   0.061   0.071   0.082   0.082   0.028   0.075   0.109   0.082   0.099
Clean_0006_004_20050913124043_Range.png
245 370 46 41
   0.027   0.093   0.021   0.104   0.015   0.011   0.019   0.026   0.053   0.119   0.113   0.125   0.117   0.025   0.029   0.045   0.060
   0.062   0.076   0.019   0.063   0.037   0.017   0.010   0.043   0.060   0.134   0.091   0.081   0.098   0.052   0.024   0.052   0.081
   0.053   0.084   0.017   0.081   0.029   0.011   0.040   0.006   0.057   0.131   0.098   0.098   0.108   0.038   0.044   0.044   0.062
   0.034   0.026   0.087   0.023   0.034   0.043   0.018   0.045   0.058   0.059   0.112   0.103   0.056   0.076   0.061   0.063   0.101
   0.061   0.060   0.016   0.016   0.020   0.044   0.051   0.050   0.064   0.117   0.073   0.030   0.033   0.063   0.094   0.096   0.112
   0.043   0.046   0.019   0.036   0.034   0.024   0.079   0.023   0.081   0.085   0.063   0.049   0.058   0.056   0.100   0.101   0.103
   0.041   0.047   0.027   0.018   0.021   0.020   0.050   0.073   0.087   0.084   0.073   0.041   0.037   0.040   0.069   0.122   0.152
   0.038   0.046   0.042   0.024   0.008   0.068   0.046   0.033   0.067   0.083   0.086   0.064   0.031   0.076   0.113   0.078   0.098
   0.059   0.016   0.053   0.020   0.006   0.075   0.061   0.038   0.041   0.074   0.068   0.071   0.025   0.080   0.135   0.098   0.078
Clean_0007_005_20050913093707_Range.png
256 381 50 44
   0.042   0.031   0.026   0.111   0.029   0.025   0.039   0.029   0.036   0.071   0.054   0.136   0.138   0.049   0.061   0.060   0.063
   0.048   0.027   0.043   0.013   0.088   0.040   0.010   0.055   0.065   0.072   0.067   0.048   0.100   0.125   0.046   0.058   0.097
   0.040   0.047   0.023   0.090   0.043   0.012   0.005   0.060   0.071   0.084   0.068   0.094   0.131   0.052   0.016   0.064   0.102
   0.059   0.078   0.018   0.045   0.042   0.021   0.042   0.051   0.016   0.123   0.081   0.061   0.083   0.061   0.062   0.088   0.067
   0.020   0.033   0.077   0.013   0.080   0.015   0.036   0.065   0.017   0.053   0.103   0.076   0.092   0.094   0.050   0.094   0.081
   0.058   0.034   0.037   0.027   0.054   0.058   0.029   0.038   0.039   0.088   0.070   0.051   0.080   0.109   0.086   0.066   0.076
   0.051   0.042   0.040   0.018   0.053   0.056   0.020   0.039   0.059   0.089   0.082   0.045   0.070   0.108   0.075   0.058   0.094
   0.057   0.038   0.040   0.005   0.015   0.047   0.038   0.073   0.069   0.089   0.075   0.044   0.019   0.061   0.083   0.109   0.138
   0.041   0.049   0.033   0.011   0.030   0.109   0.031   0.034   0.022   0.087   0.077   0.041   0.041   0.138   0.137   0.064   0.056
Clean_0008_005_20050913120028_Range.png
251 376 52 45
   0.036   0.064   0.010   0.116   0.021   0.016   0.046   0.004   0.056   0.098   0.073   0.125   0.135   0.034   0.059   0.049   0.060
   0.057   0.039   0.018   0.122   0.021   0.010   0.041   0.011   0.057   0.094   0.056   0.139   0.139   0.030   0.049   0.050   0.067
   0.034   0.041   0.064   0.090   0.020   0.035   0.010   0.040   0.064   0.072   0.095   0.114   0.108   0.045   0.040   0.046   0.082
   0.046   0.026   0.066   0.034   0.036   0.038   0.043   0.056   0.055   0.071   0.087   0.083   0.068   0.071   0.073   0.055   0.090
   0.029   0.042   0.063   0.015   0.015   0.047   0.052   0.055   0.051   0.070   0.097   0.074   0.029   0.061   0.097   0.101   0.102
   0.066   0.069   0.009   0.040   0.032   0.056   0.023   0.029   0.059   0.120   0.078   0.048   0.071   0.084   0.078   0.051   0.085
   0.057   0.050   0.017   0.013   0.071   0.067   0.042   0.030   0.016   0.105   0.061   0.029   0.080   0.138   0.108   0.071   0.045
   0.020   0.048   0.034   0.028   0.015   0.022   0.050   0.078   0.077   0.068   0.078   0.059   0.039   0.035   0.071   0.127   0.151
   0.078   0.043   0.030   0.010   0.037   0.043   0.013   0.081   0.042   0.115   0.070   0.039   0.046   0.080   0.055   0.094   0.123
Clean_0009_006_20050913122608_Range.png
245 370 57 44
   0.042   0.079   0.020   0.104   0.012   0.019   0.016   0.033   0.045   0.119   0.098   0.123   0.115   0.030   0.033   0.048   0.065
   0.029   0.053   0.059   0.070   0.035   0.019   0.013   0.040   0.063   0.080   0.110   0.118   0.104   0.053   0.030   0.048   0.077
   0.027   0.033   0.063   0.013   0.121   0.009   0.036   0.017   0.044   0.059   0.094   0.075   0.130   0.127   0.042   0.047   0.060
   0.044   0.037   0.067   0.092   0.040   0.008   0.016   0.029   0.050   0.078   0.102   0.149   0.118   0.045   0.022   0.043   0.060
   0.042   0.078   0.027   0.024   0.029   0.043   0.043   0.029   0.061   0.116   0.101   0.042   0.052   0.071   0.085   0.071   0.088
   0.062   0.007   0.005   0.035   0.034   0.031   0.076   0.043   0.100   0.069   0.011   0.039   0.067   0.060   0.103   0.116   0.141
   0.048   0.012   0.058   0.012   0.029   0.038   0.031   0.066   0.094   0.058   0.070   0.068   0.040   0.053   0.068   0.095   0.159
   0.058   0.082   0.014   0.022   0.002   0.010   0.048   0.085   0.053   0.136   0.093   0.035   0.023   0.013   0.058   0.132   0.136
   0.053   0.060   0.007   0.025   0.002   0.036   0.121   0.021   0.042   0.112   0.066   0.031   0.028   0.038   0.156   0.140   0.062
Clean_0010_007_20050913094809_Range.png
252 377 46 41
   0.070   0.020   0.126   0.022   0.022   0.041   0.007   0.044   0.012   0.090   0.145   0.147   0.041   0.061   0.046   0.050   0.056
   0.036   0.056   0.022   0.019   0.087   0.038   0.012   0.046   0.061   0.086   0.076   0.039   0.105   0.124   0.046   0.055   0.092
   0.026   0.061   0.121   0.016   0.019   0.048   0.003   0.039   0.029   0.086   0.163   0.136   0.033   0.063   0.051   0.041   0.067
   0.034   0.015   0.053   0.018   0.034   0.036   0.070   0.044   0.072   0.043   0.067   0.070   0.042   0.069   0.104   0.113   0.115
   0.025   0.084   0.103   0.030   0.021   0.020   0.007   0.061   0.017   0.105   0.153   0.131   0.048   0.029   0.025   0.067   0.076
   0.023   0.012   0.018   0.052   0.030   0.037   0.027   0.025   0.190   0.035   0.027   0.068   0.076   0.051   0.062   0.052   0.215
   0.015   0.026   0.023   0.018   0.021   0.032   0.040   0.162   0.017   0.036   0.048   0.040   0.037   0.035   0.070   0.201   0.178
   0.034   0.010   0.017   0.039   0.019   0.028   0.011   0.047   0.214   0.044   0.026   0.056   0.056   0.045   0.038   0.057   0.258
   0.022   0.043   0.012   0.012   0.007   0.028   0.012   0.012   0.293   0.062   0.054   0.024   0.018   0.034   0.037   0.024   0.305
Clean_0011_008_20050913123954_Range.png
252 377 42 41
   0.048   0.034   0.012   0.142   0.028   0.019   0.037   0.013   0.039   0.079   0.044   0.152   0.162   0.044   0.054   0.044   0.050
   0.020   0.028   0.059   0.006   0.125   0.006   0.050   0.055   0.011   0.047   0.084   0.064   0.130   0.129   0.052   0.069   0.065
   0.055   0.053   0.009   0.125   0.007   0.047   0.007   0.050   0.011   0.099   0.060   0.132   0.130   0.050   0.050   0.056   0.060
   0.058   0.037   0.028   0.013   0.019   0.074   0.060   0.073   0.014   0.077   0.062   0.040   0.028   0.079   0.126   0.127   0.086
   0.054   0.083   0.068   0.025   0.035   0.009   0.039   0.053   0.018   0.127   0.127   0.091   0.053   0.042   0.043   0.064   0.069
   0.062   0.024   0.044   0.027   0.053   0.040   0.040   0.067   0.026   0.071   0.060   0.056   0.067   0.090   0.077   0.106   0.091
   0.045   0.029   0.028   0.041   0.025   0.049   0.047   0.071   0.051   0.072   0.035   0.061   0.058   0.065   0.094   0.111   0.116
   0.072   0.006   0.017   0.051   0.034   0.035   0.033   0.051   0.096   0.077   0.022   0.066   0.082   0.064   0.066   0.082   0.145
   0.075   0.012   0.010   0.049   0.030   0.011   0.036   0.080   0.098   0.086   0.020   0.058   0.072   0.034   0.046   0.113   0.170
Clean_0012_009_20050913095944_Range.png
253 378 39 37
   0.018   0.036   0.167   0.014   0.021   0.029   0.027   0.010   0.037   0.053   0.191   0.180   0.034   0.048   0.055   0.036   0.045
   0.026   0.078   0.110   0.045   0.008   0.021   0.009   0.045   0.055   0.096   0.142   0.145   0.049   0.025   0.026   0.049   0.071
   0.104   0.069   0.061   0.035   0.029   0.034   0.017   0.043   0.012   0.131   0.123   0.088   0.050   0.054   0.048   0.051   0.052
   0.015   0.009   0.011   0.056   0.015   0.022   0.144   0.045   0.042   0.022   0.020   0.064   0.068   0.036   0.157   0.187   0.085
   0.023   0.058   0.010   0.021   0.018   0.009   0.118   0.051   0.064   0.074   0.067   0.030   0.034   0.024   0.126   0.164   0.110
   0.038   0.011   0.033   0.012   0.019   0.010   0.043   0.164   0.030   0.045   0.043   0.044   0.028   0.027   0.052   0.207   0.194
   0.014   0.019   0.039   0.031   0.004   0.022   0.012   0.158   0.072   0.033   0.057   0.051   0.034   0.025   0.033   0.168   0.228
   0.036   0.024   0.019   0.062   0.006   0.013   0.060   0.032   0.142   0.060   0.043   0.080   0.067   0.018   0.072   0.092   0.173
   0.043   0.044   0.017   0.025   0.024   0.083   0.052   0.038   0.045   0.082   0.054   0.039   0.047   0.105   0.132   0.089   0.082
Clean_0013_009_20050913122258_Range.png
244 369 39 38
   0.022   0.056   0.150   0.010   0.018   0.023   0.043   0.006   0.027   0.077   0.194   0.160   0.028   0.039   0.064   0.049   0.032
   0.038   0.024   0.032   0.018   0.093   0.048   0.015   0.079   0.038   0.059   0.054   0.048   0.101   0.133   0.057   0.082   0.084
   0.039   0.081   0.008   0.081   0.036   0.037   0.018   0.041   0.043   0.112   0.087   0.086   0.110   0.065   0.043   0.057   0.058
   0.039   0.019   0.058   0.019   0.020   0.122   0.019   0.035   0.040   0.057   0.072   0.072   0.036   0.128   0.140   0.054   0.070
   0.048   0.020   0.040   0.006   0.023   0.025   0.120   0.043   0.059   0.065   0.057   0.045   0.028   0.041   0.128   0.156   0.093
   0.038   0.028   0.037   0.015   0.024   0.006   0.038   0.140   0.036   0.064   0.062   0.051   0.035   0.030   0.042   0.178   0.175
   0.046   0.030   0.028   0.019   0.021   0.020   0.034   0.115   0.065   0.070   0.058   0.041   0.034   0.040   0.053   0.148   0.177
   0.022   0.028   0.028   0.028   0.049   0.020   0.012   0.067   0.135   0.050   0.054   0.055   0.074   0.069   0.030   0.079   0.199
   0.039   0.037   0.024   0.032   0.024   0.007   0.084   0.046   0.086   0.070   0.060   0.055   0.055   0.030   0.090   0.130   0.132
Clean_0014_010_20050913093018_Range.png
252 377 45 42
   0.082   0.022   0.055   0.084   0.022   0.013   0.048   0.038   0.011   0.104   0.076   0.138   0.102   0.033   0.059   0.065   0.048
   0.023   0.064   0.032   0.116   0.014   0.041   0.011   0.037   0.018   0.085   0.094   0.143   0.126   0.047   0.047   0.047   0.054
   0.033   0.066   0.028   0.120   0.008   0.038   0.014   0.029   0.023   0.097   0.091   0.145   0.123   0.044   0.050   0.039   0.051
   0.016   0.045   0.043   0.021   0.118   0.015   0.019   0.070   0.015   0.058   0.084   0.061   0.135   0.128   0.016   0.075   0.082
   0.043   0.035   0.041   0.027   0.016   0.034   0.053   0.050   0.084   0.074   0.073   0.066   0.038   0.048   0.085   0.099   0.133
   0.012   0.055   0.040   0.029   0.036   0.020   0.065   0.020   0.110   0.065   0.089   0.053   0.056   0.054   0.082   0.085   0.129
   0.030   0.048   0.037   0.026   0.030   0.027   0.077   0.033   0.070   0.074   0.082   0.054   0.049   0.053   0.099   0.108   0.102
   0.029   0.068   0.017   0.020   0.018   0.025   0.070   0.044   0.088   0.092   0.085   0.033   0.032   0.043   0.094   0.112   0.130
   0.044   0.033   0.048   0.027   0.014   0.035   0.036   0.057   0.088   0.076   0.081   0.073   0.037   0.048   0.069   0.092   0.141
Clean_0015_010_20050913123835_Range.png
252 377 42 37
   0.038   0.030   0.065   0.088   0.017   0.063   0.027   0.017   0.016   0.066   0.092   0.152   0.103   0.073   0.079   0.043   0.031
   0.022   0.055   0.084   0.062   0.008   0.043   0.015   0.047   0.018   0.076   0.133   0.143   0.067   0.047   0.055   0.059   0.064
   0.073   0.018   0.124   0.018   0.017   0.041   0.019   0.046   0.015   0.088   0.141   0.140   0.032   0.055   0.052   0.063   0.059
   0.021   0.042   0.020   0.067   0.048   0.073   0.037   0.035   0.010   0.058   0.052   0.083   0.113   0.118   0.108   0.071   0.044
   0.033   0.041   0.027   0.018   0.082   0.040   0.035   0.032   0.094   0.071   0.066   0.040   0.099   0.121   0.062   0.031   0.108
   0.026   0.039   0.006   0.026   0.036   0.029   0.084   0.027   0.116   0.059   0.044   0.029   0.055   0.065   0.110   0.110   0.142
   0.020   0.010   0.041   0.025   0.011   0.036   0.031   0.102   0.113   0.029   0.050   0.053   0.035   0.044   0.062   0.128   0.211
   0.018   0.068   0.010   0.024   0.045   0.016   0.054   0.079   0.039   0.086   0.078   0.034   0.068   0.061   0.070   0.132   0.118
   0.016   0.024   0.039   0.018   0.017   0.022   0.034   0.088   0.135   0.039   0.062   0.051   0.034   0.034   0.053   0.119   0.216
Clean_0016_011_20050913100034_Range.png
256 381 37 41
   0.034   0.045   0.021   0.120   0.028   0.030   0.018   0.022   0.051   0.077   0.063   0.140   0.147   0.054   0.045   0.039   0.067
   0.028   0.063   0.017   0.099   0.042   0.008   0.049   0.035   0.023   0.085   0.079   0.113   0.134   0.047   0.054   0.069   0.057
   0.033   0.037   0.036   0.131   0.011   0.009   0.039   0.002   0.075   0.068   0.070   0.163   0.140   0.019   0.047   0.041   0.077
   0.029   0.042   0.035   0.023   0.004   0.018   0.063   0.076   0.088   0.067   0.076   0.054   0.025   0.021   0.080   0.138   0.163
   0.033   0.046   0.041   0.087   0.027   0.033   0.017   0.029   0.065   0.076   0.086   0.122   0.113   0.053   0.047   0.041   0.084
   0.025   0.038   0.036   0.026   0.005   0.009   0.046   0.096   0.098   0.062   0.074   0.057   0.028   0.014   0.054   0.141   0.193
   0.024   0.036   0.042   0.021   0.012   0.007   0.013   0.092   0.150   0.058   0.077   0.057   0.029   0.018   0.020   0.104   0.240
   0.026   0.012   0.006   0.059   0.021   0.010   0.078   0.080   0.080   0.037   0.018   0.065   0.079   0.030   0.086   0.155   0.158
   0.011   0.027   0.047   0.024   0.012   0.079   0.064   0.039   0.057   0.037   0.073   0.064   0.033   0.090   0.142   0.103   0.096
Clean_0017_011_20050913123018_Range.png
256 381 39 43
   0.049   0.035   0.028   0.123   0.019   0.028   0.038   0.006   0.043   0.082   0.062   0.149   0.141   0.045   0.063   0.043   0.048
   0.049   0.076   0.098   0.044   0.016   0.022   0.022   0.026   0.022   0.117   0.154   0.140   0.049   0.037   0.041   0.042   0.046
   0.030   0.027   0.043   0.017   0.134   0.021   0.031   0.006   0.064   0.056   0.069   0.059   0.148   0.149   0.044   0.036   0.067
   0.018   0.033   0.074   0.019   0.002   0.016   0.044   0.095   0.065   0.050   0.101   0.091   0.021   0.017   0.059   0.137   0.159
   0.040   0.097   0.005   0.008   0.078   0.040   0.024   0.027   0.060   0.130   0.101   0.012   0.085   0.116   0.060   0.039   0.080
   0.032   0.027   0.021   0.041   0.027   0.011   0.007   0.116   0.098   0.059   0.047   0.062   0.065   0.034   0.017   0.123   0.213
   0.044   0.035   0.029   0.022   0.011   0.003   0.020   0.113   0.113   0.075   0.063   0.048   0.033   0.013   0.021   0.132   0.225
   0.042   0.022   0.012   0.054   0.022   0.036   0.052   0.065   0.073   0.062   0.034   0.065   0.071   0.048   0.088   0.116   0.137
   0.016   0.027   0.030   0.021   0.006   0.027   0.133   0.042   0.065   0.043   0.056   0.050   0.027   0.032   0.147   0.174   0.106
Clean_0018_012_20050913095525_Range.png
252 377 45 44
   0.061   0.025   0.143   0.028   0.015   0.014   0.035   0.010   0.040   0.085   0.168   0.167   0.041   0.028   0.049   0.044   0.048
   0.044   0.048   0.014   0.133   0.012   0.013   0.054   0.013   0.036   0.088   0.058   0.144   0.143   0.023   0.065   0.063   0.048
   0.056   0.041   0.010   0.129   0.017   0.012   0.022   0.038   0.058   0.096   0.049   0.139   0.144   0.027   0.032   0.059   0.071
   0.052   0.014   0.062   0.014   0.039   0.056   0.016   0.067   0.052   0.064   0.076   0.070   0.053   0.094   0.072   0.082   0.116
   0.049   0.074   0.117   0.031   0.014   0.004   0.018   0.019   0.061   0.116   0.163   0.145   0.041   0.017   0.020   0.033   0.078
   0.055   0.048   0.025   0.011   0.013   0.014   0.104   0.043   0.070   0.101   0.066   0.033   0.021   0.025   0.117   0.146   0.109
   0.040   0.045   0.010   0.026   0.063   0.065   0.032   0.060   0.020   0.084   0.055   0.031   0.076   0.127   0.097   0.090   0.079
   0.017   0.037   0.028   0.014   0.045   0.012   0.067   0.087   0.054   0.054   0.065   0.041   0.057   0.052   0.078   0.152   0.139
   0.039   0.040   0.047   0.009   0.042   0.028   0.072   0.045   0.040   0.078   0.084   0.056   0.051   0.069   0.099   0.117   0.084
Clean_0019_012_20050913123755_Range.png
243 368 51 47
   0.024   0.065   0.021   0.126   0.022   0.016   0.031   0.015   0.039   0.088   0.084   0.146   0.143   0.036   0.046   0.044   0.053
   0.027   0.068   0.024   0.105   0.023   0.015   0.020   0.038   0.051   0.094   0.090   0.128   0.126   0.035   0.034   0.056   0.068
   0.033   0.034   0.046   0.030   0.070   0.018   0.046   0.062   0.043   0.067   0.077   0.069   0.097   0.086   0.061   0.071   0.090
   0.064   0.058   0.099   0.022   0.041   0.008   0.021   0.040   0.049   0.110   0.126   0.117   0.049   0.048   0.025   0.058   0.065
   0.060   0.045   0.027   0.007   0.032   0.027   0.075   0.055   0.051   0.099   0.071   0.032   0.038   0.058   0.099   0.123   0.103
   0.066   0.035   0.033   0.010   0.052   0.054   0.038   0.053   0.028   0.099   0.066   0.040   0.062   0.105   0.091   0.088   0.080
   0.037   0.055   0.018   0.009   0.026   0.018   0.013   0.137   0.068   0.092   0.071   0.023   0.024   0.032   0.030   0.149   0.199
   0.035   0.048   0.029   0.032   0.025   0.036   0.014   0.091   0.060   0.082   0.076   0.057   0.053   0.060   0.050   0.105   0.146
   0.041   0.056   0.011   0.034   0.013   0.028   0.037   0.096   0.052   0.096   0.066   0.045   0.046   0.039   0.063   0.129   0.148
Clean_0020_013_20050913093233_Range.png
246 371 42 42
   0.044   0.032   0.021   0.125   0.037   0.049   0.021   0.017   0.020   0.074   0.051   0.144   0.158   0.070   0.064   0.037   0.036
   0.041   0.052   0.014   0.120   0.020   0.018   0.044   0.021   0.038   0.090   0.065   0.131   0.139   0.035   0.057   0.059   0.058
   0.026   0.019   0.054   0.017   0.133   0.009   0.041   0.024   0.037   0.045   0.072   0.069   0.146   0.141   0.047   0.060   0.059
   0.031   0.093   0.106   0.041   0.013   0.010   0.027   0.006   0.045   0.121   0.187   0.132   0.048   0.022   0.036   0.031   0.051
   0.023   0.023   0.019   0.033   0.017   0.013   0.019   0.146   0.079   0.045   0.041   0.051   0.048   0.028   0.029   0.163   0.223
   0.018   0.014   0.021   0.014   0.050   0.032   0.036   0.016   0.219   0.030   0.033   0.034   0.063   0.078   0.061   0.049   0.232
   0.022   0.011   0.066   0.015   0.018   0.025   0.059   0.059   0.107   0.029   0.075   0.077   0.032   0.040   0.082   0.116   0.165
   0.022   0.027   0.015   0.051   0.015   0.029   0.017   0.023   0.229   0.048   0.027   0.058   0.064   0.042   0.044   0.036   0.251
   0.024   0.024   0.007   0.036   0.043   0.006   0.010   0.141   0.082   0.047   0.027   0.042   0.073   0.047   0.015   0.151   0.222
Clean_0021_013_20050913115731_Range.png
253 378 48 43
   0.015   0.036   0.037   0.142   0.026   0.042   0.006   0.031   0.020   0.050   0.072   0.170   0.162   0.060   0.047   0.036   0.048
   0.052   0.038   0.023   0.014   0.115   0.020   0.050   0.021   0.039   0.086   0.060   0.037   0.129   0.133   0.060   0.064   0.059
   0.050   0.056   0.011   0.074   0.052   0.028   0.038   0.025   0.042   0.099   0.066   0.082   0.125   0.078   0.052   0.057   0.065
   0.039   0.030   0.008   0.048   0.125   0.038   0.009   0.027   0.058   0.066   0.038   0.055   0.166   0.150   0.042   0.033   0.068
   0.026   0.017   0.032   0.024   0.027   0.023   0.129   0.033   0.054   0.042   0.048   0.055   0.050   0.041   0.151   0.162   0.086
   0.037   0.029   0.039   0.021   0.013   0.017   0.068   0.100   0.041   0.062   0.067   0.056   0.034   0.028   0.082   0.166   0.140
   0.033   0.024   0.048   0.025   0.007   0.030   0.058   0.064   0.098   0.050   0.069   0.066   0.026   0.037   0.086   0.120   0.161
   0.046   0.013   0.044   0.006   0.038   0.020   0.057   0.083   0.072   0.053   0.053   0.050   0.043   0.051   0.077   0.139   0.154
   0.034   0.049   0.009   0.036   0.008   0.006   0.008   0.147   0.075   0.082   0.057   0.044   0.043   0.013   0.014   0.154   0.220
Clean_0022_014_20050913114822_Range.png
253 378 45 39
   0.059   0.026   0.122   0.032   0.023   0.044   0.011   0.040   0.007   0.084   0.145   0.151   0.050   0.064   0.052   0.048   0.042
   0.042   0.044   0.018   0.063   0.069   0.024   0.050   0.061   0.009   0.081   0.060   0.073   0.128   0.088   0.056   0.072   0.063
   0.044   0.032   0.060   0.066   0.023   0.013   0.065   0.068   0.004   0.074   0.086   0.116   0.087   0.034   0.073   0.086   0.070
   0.021   0.069   0.024   0.018   0.041   0.019   0.061   0.045   0.086   0.077   0.079   0.040   0.056   0.060   0.077   0.099   0.126
   0.045   0.082   0.012   0.032   0.061   0.020   0.038   0.042   0.078   0.123   0.081   0.042   0.091   0.077   0.051   0.039   0.087
   0.012   0.016   0.058   0.025   0.027   0.050   0.026   0.082   0.097   0.028   0.060   0.067   0.042   0.066   0.073   0.102   0.171
   0.011   0.071   0.015   0.022   0.037   0.045   0.064   0.049   0.059   0.079   0.078   0.031   0.049   0.079   0.102   0.102   0.106
   0.012   0.013   0.088   0.017   0.038   0.012   0.063   0.066   0.052   0.025   0.091   0.104   0.052   0.048   0.074   0.128   0.115
   0.017   0.065   0.020   0.026   0.044   0.032   0.054   0.052   0.070   0.073   0.071   0.038   0.064   0.073   0.079   0.104   0.119
Clean_0023_015_20050913101603_Range.png
248 373 43 40
   0.017   0.059   0.146   0.016   0.010   0.057   0.007   0.013   0.041   0.074   0.196   0.157   0.025   0.065   0.051   0.013   0.051
   0.031   0.020   0.037   0.016   0.135   0.015   0.061   0.006   0.046   0.050   0.056   0.050   0.147   0.145   0.070   0.064   0.051
   0.035   0.021   0.039   0.014   0.140   0.007   0.058   0.019   0.030   0.055   0.060   0.050   0.151   0.146   0.063   0.062   0.049
   0.048   0.013   0.045   0.029   0.023   0.051   0.052   0.049   0.070   0.058   0.057   0.069   0.043   0.073   0.102   0.100   0.118
   0.024   0.028   0.041   0.035   0.053   0.020   0.048   0.055   0.068   0.052   0.064   0.075   0.076   0.073   0.067   0.100   0.121
   0.034   0.027   0.039   0.006   0.045   0.021   0.053   0.080   0.068   0.060   0.058   0.045   0.050   0.066   0.071   0.132   0.146
   0.041   0.016   0.031   0.020   0.006   0.044   0.019   0.104   0.105   0.056   0.045   0.050   0.026   0.048   0.062   0.122   0.205
   0.057   0.012   0.057   0.014   0.014   0.030   0.047   0.085   0.065   0.067   0.067   0.065   0.027   0.043   0.076   0.129   0.147
   0.050   0.007   0.041   0.031   0.032   0.056   0.072   0.031   0.052   0.057   0.048   0.071   0.059   0.085   0.127   0.102   0.081
Clean_0024_015_20050913121957_Range.png
254 379 49 40
   0.010   0.066   0.014   0.117   0.022   0.022   0.056   0.008   0.041   0.075   0.079   0.130   0.137   0.041   0.074   0.061   0.048
   0.015   0.033   0.052   0.010   0.097   0.049   0.013   0.055   0.049   0.048   0.080   0.059   0.104   0.144   0.052   0.065   0.074
   0.011   0.026   0.059   0.012   0.129   0.007   0.016   0.054   0.053   0.036   0.084   0.068   0.140   0.135   0.022   0.068   0.081
   0.044   0.008   0.048   0.007   0.026   0.016   0.115   0.051   0.059   0.052   0.054   0.052   0.033   0.035   0.130   0.162   0.108
   0.030   0.022   0.062   0.020   0.107   0.022   0.023   0.023   0.070   0.051   0.081   0.078   0.122   0.127   0.043   0.035   0.083
   0.039   0.022   0.020   0.008   0.023   0.056   0.049   0.106   0.047   0.060   0.039   0.027   0.029   0.070   0.102   0.153   0.151
   0.040   0.011   0.063   0.016   0.014   0.018   0.110   0.047   0.047   0.051   0.073   0.075   0.029   0.031   0.127   0.154   0.094
   0.060   0.018   0.050   0.016   0.011   0.031   0.049   0.084   0.058   0.074   0.067   0.065   0.026   0.042   0.080   0.128   0.141
   0.049   0.046   0.030   0.015   0.021   0.056   0.066   0.049   0.038   0.090   0.072   0.039   0.035   0.073   0.121   0.114   0.085
Clean_0025_016_20050913094632_Range.png
251 376 36 38
   0.074   0.169   0.020   0.013   0.019   0.029   0.009   0.023   0.015   0.231   0.184   0.032   0.031   0.047   0.037   0.031   0.037
   0.038   0.060   0.006   0.011   0.139   0.014   0.011   0.048   0.049   0.093   0.065   0.016   0.150   0.150   0.023   0.058   0.072
   0.037   0.078   0.021   0.043   0.056   0.031   0.011   0.057   0.047   0.107   0.086   0.062   0.097   0.085   0.040   0.062   0.081
   0.023   0.012   0.071   0.032   0.007   0.018   0.086   0.075   0.030   0.035   0.080   0.102   0.038   0.024   0.103   0.160   0.104
   0.021   0.030   0.044   0.015   0.016   0.011   0.118   0.067   0.035   0.048   0.073   0.057   0.030   0.026   0.128   0.182   0.100
   0.033   0.022   0.029   0.020   0.012   0.031   0.095   0.034   0.113   0.053   0.050   0.047   0.032   0.039   0.114   0.129   0.146
   0.026   0.044   0.021   0.011   0.003   0.030   0.024   0.130   0.089   0.065   0.064   0.029   0.013   0.033   0.048   0.153   0.218
   0.022   0.029   0.037   0.034   0.022   0.008   0.078   0.077   0.058   0.049   0.062   0.070   0.053   0.030   0.083   0.154   0.133
   0.019   0.009   0.019   0.051   0.013   0.023   0.109   0.063   0.062   0.027   0.028   0.070   0.062   0.032   0.117   0.171   0.124
Clean_0026_016_20050913121216_Range.png
249 374 39 38
   0.045   0.030   0.158   0.013   0.014   0.017   0.037   0.028   0.017   0.075   0.186   0.169   0.027   0.030   0.053   0.059   0.043
   0.013   0.026   0.056   0.016   0.141   0.015   0.041   0.008   0.047   0.038   0.078   0.068   0.154   0.147   0.053   0.047   0.052
   0.019   0.025   0.058   0.008   0.055   0.093   0.008   0.052   0.051   0.044   0.081   0.063   0.061   0.147   0.097   0.059   0.080
   0.028   0.077   0.010   0.013   0.011   0.028   0.087   0.060   0.051   0.096   0.086   0.023   0.024   0.037   0.114   0.146   0.109
   0.018   0.021   0.058   0.028   0.010   0.016   0.100   0.054   0.061   0.038   0.075   0.084   0.036   0.024   0.116   0.150   0.112
   0.031   0.007   0.040   0.033   0.015   0.009   0.086   0.075   0.078   0.037   0.045   0.071   0.047   0.023   0.094   0.160   0.151
   0.021   0.015   0.041   0.050   0.012   0.018   0.049   0.073   0.097   0.035   0.054   0.089   0.061   0.030   0.067   0.121   0.168
   0.024   0.011   0.012   0.069   0.021   0.005   0.018   0.143   0.063   0.034   0.023   0.081   0.088   0.024   0.022   0.160   0.203
   0.033   0.019   0.031   0.015   0.032   0.007   0.024   0.122   0.099   0.050   0.049   0.045   0.045   0.036   0.030   0.144   0.218
Clean_0027_017_20050913100705_Range.png
244 369 46 63
   0.099   0.046   0.057   0.052   0.013   0.043   0.046   0.016   0.009   0.143   0.101   0.109   0.064   0.051   0.067   0.061   0.022
   0.094   0.058   0.008   0.079   0.038   0.047   0.048   0.013   0.010   0.135   0.064   0.085   0.110   0.059   0.072   0.060   0.020
   0.099   0.030   0.040   0.101   0.009   0.037   0.047   0.017   0.010   0.124   0.068   0.121   0.108   0.043   0.062   0.061   0.024
   0.123   0.043   0.007   0.018   0.072   0.047   0.045   0.029   0.009   0.144   0.047   0.022   0.083   0.115   0.089   0.070   0.037
   0.113   0.012   0.063   0.019   0.024   0.036   0.033   0.059   0.028   0.124   0.074   0.074   0.042   0.059   0.066   0.089   0.084
   0.099   0.036   0.032   0.015   0.057   0.061   0.034   0.020   0.031   0.132   0.068   0.041   0.065   0.116   0.092   0.052   0.048
   0.101   0.033   0.033   0.013   0.016   0.022   0.044   0.053   0.092   0.132   0.064   0.044   0.022   0.032   0.066   0.093   0.141
   0.121   0.032   0.040   0.016   0.002   0.006   0.031   0.087   0.066   0.152   0.069   0.053   0.018   0.007   0.036   0.116   0.148
   0.132   0.011   0.026   0.021   0.022   0.008   0.032   0.075   0.079   0.142   0.037   0.047   0.043   0.027   0.040   0.105   0.153
Clean_0028_017_20050913123229_Range.png
253 378 47 58
   0.073   0.050   0.081   0.039   0.008   0.014   0.037   0.064   0.003   0.121   0.128   0.118   0.047   0.021   0.049   0.080   0.066
   0.070   0.020   0.051   0.021   0.079   0.024   0.006   0.056   0.069   0.087   0.068   0.066   0.096   0.100   0.029   0.062   0.097
   0.078   0.058   0.008   0.102   0.008   0.051   0.046   0.016   0.009   0.126   0.065   0.109   0.107   0.057   0.076   0.060   0.023
   0.063   0.032   0.057   0.022   0.026   0.049   0.052   0.045   0.024   0.094   0.084   0.073   0.047   0.073   0.098   0.095   0.066
   0.089   0.022   0.035   0.022   0.038   0.039   0.047   0.055   0.035   0.105   0.056   0.055   0.057   0.076   0.081   0.098   0.089
   0.094   0.018   0.051   0.032   0.024   0.024   0.043   0.037   0.071   0.111   0.068   0.078   0.053   0.047   0.064   0.079   0.108
   0.092   0.018   0.036   0.038   0.040   0.054   0.046   0.034   0.024   0.107   0.053   0.066   0.075   0.089   0.097   0.078   0.055
   0.113   0.008   0.017   0.046   0.006   0.003   0.043   0.093   0.066   0.120   0.024   0.061   0.052   0.008   0.046   0.135   0.157
   0.075   0.023   0.013   0.051   0.011   0.051   0.068   0.064   0.007   0.098   0.036   0.063   0.060   0.061   0.115   0.130   0.071
Clean_0029_018_20050913100926_Range.png
257 382 46 40
   0.082   0.085   0.049   0.013   0.019   0.023   0.042   0.043   0.021   0.164   0.133   0.062   0.031   0.039   0.063   0.068   0.063
   0.035   0.058   0.005   0.100   0.036   0.015   0.055   0.051   0.015   0.086   0.063   0.103   0.135   0.045   0.064   0.073   0.061
   0.073   0.036   0.106   0.027   0.056   0.004   0.039   0.007   0.029   0.107   0.139   0.128   0.071   0.059   0.041   0.042   0.035
   0.029   0.006   0.009   0.062   0.017   0.056   0.043   0.079   0.073   0.035   0.012   0.070   0.075   0.072   0.098   0.116   0.149
   0.017   0.030   0.070   0.105   0.033   0.025   0.005   0.029   0.079   0.047   0.095   0.132   0.132   0.050   0.028   0.032   0.091
   0.043   0.029   0.027   0.021   0.013   0.050   0.064   0.037   0.105   0.070   0.053   0.045   0.031   0.062   0.112   0.100   0.140
   0.030   0.011   0.013   0.049   0.020   0.089   0.037   0.027   0.116   0.039   0.014   0.061   0.067   0.096   0.123   0.064   0.143
   0.029   0.041   0.048   0.006   0.049   0.026   0.069   0.027   0.081   0.064   0.086   0.053   0.054   0.074   0.093   0.095   0.107
   0.048   0.029   0.045   0.006   0.012   0.009   0.113   0.051   0.061   0.074   0.073   0.051   0.017   0.020   0.121   0.162   0.110
Clean_0030_018_20050913123432_Range.png
254 379 45 40
   0.079   0.092   0.058   0.030   0.020   0.033   0.008   0.038   0.010   0.168   0.150   0.082   0.047   0.052   0.039   0.045   0.047
   0.026   0.075   0.124   0.019   0.064   0.036   0.012   0.010   0.007   0.099   0.170   0.140   0.072   0.068   0.044   0.018   0.016
   0.023   0.057   0.018   0.007   0.128   0.016   0.062   0.031   0.018   0.078   0.073   0.024   0.133   0.142   0.072   0.069   0.048
   0.040   0.017   0.055   0.007   0.058   0.042   0.010   0.071   0.075   0.054   0.072   0.060   0.065   0.100   0.052   0.080   0.142
   0.020   0.024   0.067   0.019   0.012   0.040   0.049   0.067   0.071   0.044   0.088   0.081   0.030   0.052   0.088   0.111   0.136
   0.040   0.052   0.013   0.045   0.015   0.034   0.061   0.021   0.108   0.086   0.064   0.051   0.058   0.048   0.094   0.081   0.129
   0.050   0.044   0.012   0.010   0.094   0.037   0.065   0.012   0.049   0.086   0.055   0.021   0.102   0.129   0.100   0.076   0.060
   0.022   0.027   0.023   0.043   0.005   0.018   0.114   0.044   0.070   0.048   0.049   0.064   0.048   0.023   0.132   0.157   0.113
   0.046   0.035   0.051   0.004   0.007   0.043   0.035   0.095   0.059   0.075   0.082   0.053   0.010   0.049   0.077   0.128   0.152
Clean_0031_019_20050913101347_Range.png
248 373 45 41
   0.032   0.074   0.018   0.076   0.041   0.020   0.052   0.010   0.043   0.103   0.090   0.093   0.116   0.058   0.065   0.060   0.050
   0.047   0.032   0.040   0.077   0.037   0.030   0.012   0.056   0.063   0.075   0.070   0.092   0.112   0.066   0.039   0.064   0.089
   0.030   0.030   0.057   0.065   0.058   0.023   0.054   0.012   0.051   0.058   0.084   0.097   0.120   0.076   0.063   0.064   0.060
   0.042   0.028   0.035   0.034   0.030   0.079   0.040   0.043   0.034   0.067   0.061   0.068   0.053   0.108   0.119   0.081   0.077
   0.031   0.029   0.013   0.048   0.019   0.018   0.140   0.038   0.018   0.059   0.041   0.060   0.064   0.034   0.156   0.176   0.056
   0.017   0.021   0.042   0.029   0.035   0.055   0.059   0.065   0.030   0.038   0.062   0.068   0.059   0.090   0.112   0.123   0.094
   0.053   0.035   0.023   0.018   0.007   0.035   0.070   0.049   0.099   0.086   0.056   0.039   0.023   0.041   0.104   0.117   0.146
   0.052   0.028   0.008   0.036   0.005   0.014   0.072   0.106   0.047   0.079   0.035   0.044   0.041   0.018   0.085   0.177   0.152
   0.082   0.028   0.044   0.011   0.033   0.039   0.027   0.059   0.066   0.104   0.068   0.053   0.042   0.070   0.064   0.085   0.124
Clean_0032_019_20050913124318_Range.png
248 373 45 41
