   0.031   0.035   0.034   0.132   0.016   0.018   0.053   0.012   0.028   0.065   0.067   0.164   0.144   0.032   0.069   0.061   0.039
   0.033   0.063   0.043   0.025   0.086   0.021   0.041   0.013   0.046   0.095   0.098   0.063   0.110   0.100   0.055   0.052   0.055
   0.027   0.074   0.041   0.059   0.013   0.042   0.015   0.057   0.048   0.099   0.106   0.096   0.070   0.052   0.052   0.065   0.083
   0.015   0.011   0.033   0.064   0.078   0.028   0.025   0.049   0.060   0.025   0.044   0.097   0.134   0.105   0.052   0.072   0.108
   0.026   0.092   0.014   0.018   0.033   0.054   0.020   0.047   0.067   0.113   0.104   0.031   0.050   0.085   0.071   0.065   0.111
   0.027   0.057   0.040   0.031   0.014   0.032   0.069   0.029   0.078   0.082   0.094   0.058   0.043   0.045   0.100   0.096   0.105
   0.037   0.051   0.022   0.026   0.054   0.061   0.017   0.032   0.075   0.085   0.070   0.044   0.079   0.114   0.077   0.048   0.106
   0.030   0.047   0.058   0.048   0.029   0.046   0.033   0.037   0.034   0.074   0.101   0.094   0.076   0.074   0.079   0.069   0.070
   0.040   0.044   0.016   0.043   0.010   0.031   0.045   0.078   0.070   0.079   0.059   0.058   0.051   0.040   0.074   0.119   0.143
   0.032   0.078   0.017   0.107   0.020   0.023   0.032   0.003   0.053   0.109   0.095   0.124   0.126   0.041   0.051   0.035   0.055
   0.026   0.039   0.067   0.083   0.039   0.009   0.014   0.043   0.060   0.063   0.104   0.132   0.120   0.048   0.022   0.053   0.079
   0.049   0.081   0.008   0.098   0.026   0.012   0.038   0.009   0.052   0.125   0.089   0.105   0.122   0.036   0.044   0.046   0.060
   0.050   0.043   0.034   0.026   0.021   0.022   0.062   0.059   0.064   0.088   0.076   0.057   0.037   0.042   0.082   0.116   0.121
   0.059   0.027   0.033   0.028   0.008   0.022   0.082   0.070   0.047   0.082   0.058   0.056   0.034   0.028   0.104   0.148   0.115
   0.052   0.018   0.017   0.041   0.029   0.063   0.058   0.028   0.083   0.069   0.034   0.055   0.060   0.079   0.120   0.085   0.109
   0.040   0.019   0.022   0.036   0.032   0.071   0.052   0.031   0.073   0.059   0.040   0.057   0.064   0.096   0.123   0.082   0.102
   0.050   0.021   0.050   0.033   0.059   0.051   0.037   0.035   0.030   0.070   0.070   0.082   0.080   0.109   0.087   0.071   0.065
   0.050   0.021   0.061   0.021   0.008   0.068   0.042   0.040   0.061   0.071   0.082   0.082   0.028   0.075   0.109   0.082   0.099
