   0.031   0.035   0.034   0.132   0.016   0.018   0.053   0.012   0.028   0.065   0.067   0.164   0.144   0.032   0.069   0.061   0.039
   0.033   0.063   0.043   0.025   0.086   0.021   0.041   0.013   0.046   0.095   0.098   0.063   0.110   0.100   0.055   0.052   0.055
   0.027   0.074   0.041   0.059   0.013   0.042   0.015   0.057   0.048   0.099   0.106   0.096   0.070   0.052   0.052   0.065   0.083
   0.015   0.011   0.033   0.064   0.078   0.028   0.025   0.049   0.060   0.025   0.044   0.097   0.134   0.105   0.052   0.072   0.108
   0.026   0.092   0.014   0.018   0.033   0.054   0.020   0.047   0.067   0.113   0.104   0.031   0.050   0.085   0.071   0.065   0.111
   0.027   0.057   0.040   0.031   0.014   0.032   0.069   0.029   0.078   0.082   0.094   0.058   0.043   0.045   0.100   0.096   0.105
   0.037   0.051   0.022   0.026   0.054   0.061   0.017   0.032   0.075   0.085   0.070   0.044   0.079   0.114   0.077   0.048   0.106
   0.030   0.047   0.058   0.048   0.029   0.046   0.033   0.037   0.034   0.074   0.101   0.094   0.076   0.074   0.079   0.069   0.070
   0.040   0.044   0.016   0.043   0.010   0.031   0.045   0.078   0.070   0.079   0.059   0.058   0.051   0.040   0.074   0.119   0.143
   0.027   0.093   0.021   0.104   0.015   0.011   0.019   0.026   0.053   0.119   0.113   0.125   0.117   0.025   0.029   0.045   0.060
   0.062   0.076   0.019   0.063   0.037   0.017   0.010   0.043   0.060   0.134   0.091   0.081   0.098   0.052   0.024   0.052   0.081
   0.053   0.084   0.017   0.081   0.029   0.011   0.040   0.006   0.057   0.131   0.098   0.098   0.108   0.038   0.044   0.044   0.062
   0.034   0.026   0.087   0.023   0.034   0.043   0.018   0.045   0.058   0.059   0.112   0.103   0.056   0.076   0.061   0.063   0.101
   0.061   0.060   0.016   0.016   0.020   0.044   0.051   0.050   0.064   0.117   0.073   0.030   0.033   0.063   0.094   0.096   0.112
   0.043   0.046   0.019   0.036   0.034   0.024   0.079   0.023   0.081   0.085   0.063   0.049   0.058   0.056   0.100   0.101   0.103
   0.041   0.047   0.027   0.018   0.021   0.020   0.050   0.073   0.087   0.084   0.073   0.041   0.037   0.040   0.069   0.122   0.152
   0.038   0.046   0.042   0.024   0.008   0.068   0.046   0.033   0.067   0.083   0.086   0.064   0.031   0.076   0.113   0.078   0.098
   0.059   0.016   0.053   0.020   0.006   0.075   0.061   0.038   0.041   0.074   0.068   0.071   0.025   0.080   0.135   0.098   0.078
